10.8281808285 3.63885186162
12.1797212684 4.03448259755
13.8717164406 4.38626765064
2.99809281027 2.48582641412
1.22613697706 1.03735733254
2.78577486773 2.29165007725
4.179930591 2.50517641908
5.91535341689 3.49063051819
4.59412548649 2.69849864305
40.0577350297 5.57402462847
49.3812319207 5.88677138839
42.9026699085 5.254229017
41.9360607405 5.77379066937
31.2975564169 5.13526176043
35.8457132967 5.24876241223
11.037754239 3.86967100554
12.3914601586 4.30017980658
14.2187763206 4.68029406481
3.52382814326 2.41085266335
1.43288033572 1.00266370608
3.26518023501 2.21127050179
4.12916001567 2.61961043254
5.83306338783 3.65510417791
4.52386411547 2.82338986184
40.7666686715 5.5694531092
50.1565834891 5.91621065382
43.5149082784 5.28735799074
40.5425889305 5.65545357304
30.1860126287 4.96415652949
34.4772710506 5.1395110448
12.8320673385 4.14726932612
14.398476952 4.59476442335
15.9521878657 4.78165907569
3.36152891021 2.75827512547
1.36954473051 1.14055705783
3.09047440652 2.51936394203
7.77847039986 3.5373212387
10.9886810836 4.86533305433
8.43846478852 3.68968738386
34.3554213774 6.4397350701
42.187524394 7.03645598368
37.1181424569 6.18934108952
41.6725119741 6.76832520824
31.0557728399 5.91803638018
35.4007304824 5.98304864456
