-0.529938362123
-0.546247037429
-0.45209527109
0.226469021924
0.23936096936
0.191052914222
49.1089297667
61.4552507195
53.7400659366
51.1945395735
38.8516353485
46.5209764203
-0.413388385284
-0.424707534386
-0.350997857402
0.346432934688
0.363085589397
0.292288345294
50.2594891433
62.5063987893
54.8814535977
49.8074663073
37.5552231557
45.1772559144
2.96762296921
3.07018549998
2.59835074636
3.88637286278
4.15948834814
3.39204910056
42.1047574924
53.3931343964
47.0045588723
51.0412466757
39.3771917555
47.0050412808
