0.854721831597 0.726505389365
1.89939557435 1.59530983601
0.82552423911 0.698781540185
41.7725876236 6.07617541308
55.986920341 6.15643594802
50.3681777744 5.44288493801
57.3726905448 6.08622817361
42.1136840846 6.06679620145
48.8062979865 5.4315781064
1.01559354885 0.720059737248
2.23771758285 1.56966447079
0.980235295997 0.692067481735
42.9330493653 6.02236256998
57.0107651091 5.97551990257
51.5313508752 5.36407427314
56.0513570858 6.0429007783
40.751517308 5.89180307586
47.4884138288 5.35713066573
1.04185328315 0.905968611013
2.35409885314 2.00245597148
1.0096592057 0.876196739919
38.2467010926 7.27866475928
52.1202311941 7.60273370139
46.2647796931 6.650685962
60.7114456243 7.3189243438
45.5256699528 7.51740522415
52.7255611012 6.63448628014
