-0.593407254116
-0.758240509644
-0.577447778143
0.232944072189
0.288145265288
0.2267078424
43.7293207801
47.9583588785
42.5623940926
56.6311424018
52.5117363659
57.7883458431
-0.482925444764
-0.620366669225
-0.470032226848
0.37579374346
0.47169077205
0.366177523773
43.2013529106
47.3787097539
42.0583089355
56.9057787907
52.7699661432
58.0455457676
3.25056517028
3.96332461947
3.17091766886
4.22369439296
5.33130450419
4.12435761889
37.228915698
40.1851949222
36.2640401248
55.2968247388
50.5201759541
56.4406845874
