-0.593407254116 1.45113244569
-0.758240509644 1.8385655976
-0.577447778143 1.41193735364
0.232944072189 1.70568118101
0.288145265288 2.22310202241
0.2267078424 1.66319528297
43.7293207801 6.19898931975
47.9583588785 6.35826996752
42.5623940926 6.14161112692
56.6311424018 6.38615424965
52.5117363659 6.56777775922
57.7883458431 6.31328674926
-0.482925444764 1.53346349856
-0.620366669225 1.94214891502
-0.470032226848 1.49233690146
0.37579374346 1.82401524003
0.47169077205 2.37128043594
0.366177523773 1.77970637165
43.2013529106 6.15777634309
47.3787097539 6.31304640878
42.0583089355 6.09188678442
56.9057787907 6.4558849656
52.7699661432 6.65846958577
58.0455457676 6.37275136601
3.25056517028 3.75744545508
3.96332461947 4.47028369314
3.17091766886 3.68080433353
4.22369439296 3.51254662803
5.33130450419 4.30653578319
4.12435761889 3.44426643719
37.228915698 6.38610845048
40.1851949222 6.680277715
36.2640401248 6.30291670555
55.2968247388 7.87041513564
50.5201759541 8.08353006464
56.4406845874 7.8361063393
